3.14052
3.14324
3.14136
3.14000
3.14580
3.14120
3.13460
3.14508
3.14052
3.14576
3.15112
3.14592
3.14432
3.13640
3.14464
3.13920
3.13808
3.13644
3.14388
3.14532
3.14444
3.14892
3.14644
3.15204
3.13892
3.13244
3.13980
3.14772
3.14116
3.13720
3.14376
3.14080
3.14380
3.14204
3.14132
3.13848
3.14596
3.14932
3.14964
3.13668
3.14972
3.14036
3.13108
3.14700
3.14528
3.14644
3.14460
3.14168
3.14348
3.13760
3.15084
3.13784
3.14728
3.13100
3.14472
3.14148
3.14736
3.13500
3.15060
3.14204
3.14076
3.13776
3.13920
3.13088
3.14148
3.14160
3.14636
3.14672
3.14280
3.13744
3.13900
3.14324
3.14428
3.14260
3.14520
3.13924
3.14744
3.13052
3.14780
3.13344
3.14196
3.14412
3.14172
3.14452
3.13908
3.14868
3.14164
3.14264
3.14256
3.14796
3.14160
3.13400
3.14980
3.14520
3.14424
3.14252
3.14900
3.13612
3.14180
3.14412
3.13236
3.14044
3.13844
3.14316
3.14184
3.13560
3.13836
3.14948
3.13968
3.13640
3.14416
3.14176
3.14796
3.13984
3.15584
3.13920
3.14424
3.14784
3.14292
3.13636
3.14120
3.14820
3.14100
3.13376
3.14276
3.13532
3.14312
3.13812
3.14532
3.14072
3.14108
3.13476
3.13592
3.14504
3.15032
3.13608
3.14412
3.14480
3.13496
3.13780
3.14084
3.13956
3.14404
3.14220
3.14516
3.14704
3.13932
3.14312
3.13448
3.14712
3.14372
3.14784
3.14212
3.14436
3.13952
3.14012
3.14404
3.14320
3.13940
3.13508
3.14800
3.14732
3.13844
3.13636
3.13744
3.14448
3.13820
3.14036
3.14644
3.14176
3.13640
3.13744
3.14212
3.14092
3.13424
3.13372
3.14256
3.14000
3.13664
3.13396
3.14260
3.14960
3.13988
3.13868
3.14256
3.14064
3.14228
3.15084
3.13712
3.13976
3.13680
3.14740
3.13424
3.13912
3.14000
3.14352
3.14556
3.13640
3.14936
3.14348
3.13728
3.14056
3.13628
3.15024
3.13312
3.14480
3.14096
3.13348
3.14016
3.13208
3.15112
3.14296
3.13936
3.14316
3.14868
3.14468
3.14688
3.14856
3.14968
3.13876
3.13992
3.14272
3.14636
3.13968
3.14676
3.14256
3.13872
3.14824
3.13784
3.14428
3.14272
3.14576
3.14228
3.14184
3.13116
3.14380
3.13900
3.14036
3.13884
3.14040
3.13864
3.13680
3.14272
3.14724
3.14532
3.13956
3.14388
3.15000
3.13796
3.14276
3.14388
3.14660
3.13320
3.13536
3.14200
3.14356
3.12724
3.13768
3.13272
3.14016
3.13768
3.14392
3.14504
3.14420
3.14996
3.13992
3.14196
3.14500
3.14028
3.14232
3.15080
3.14472
3.13356
3.14428
3.14164
3.14640
3.13804
3.13676
3.14536
3.13636
3.12920
3.14356
3.14340
3.14584
3.14144
3.15232
3.13960
3.13080
3.14888
3.13852
3.14096
3.13672
3.13584
3.13164
3.14644
3.14452
3.14448
3.13828
3.14336
3.13924
3.13220
3.14144
3.13900
3.14336
3.13824
3.13012
3.14644
3.14160
3.14684
3.14740
3.13952
3.13732
3.14448
3.13568
3.14628
3.13460
3.14196
3.13640
3.14064
3.14688
3.13756
3.14996
3.14600
3.15108
3.14072
3.14376
3.13492
3.13744
3.14068
3.14564
3.14196
3.15352
3.13336
3.13604
3.14516
3.13712
3.14492
3.13936
3.13732
3.13480
3.14600
3.13596
3.14056
3.14900
3.15020
3.13820
3.14632
3.14596
3.13816
3.13196
3.14152
3.13932
3.13988
3.14516
3.13528
3.14160
3.12988
3.13660
3.13628
3.14892
3.14924
3.14120
3.13764
3.15460
3.13848
3.13780
3.14324
3.14096
3.15296
3.14276
3.14496
3.14824
3.14904
3.14504
3.13592
3.13936
3.13480
3.14720
3.14144
3.14476
3.13852
3.14824
3.14380
3.14864
3.14136
3.14220
3.14296
3.13756
3.14548
3.13948
3.14384
3.14704
3.14368
3.14336
3.14844
3.13888
3.14256
3.14080
3.13720
3.13668
3.14140
3.13388
3.13752
3.13684
3.13768
3.13808
3.12724
3.14612
3.14276
3.14516
3.14648
3.13752
3.14040
3.14656
3.13988
3.14276
3.13552
3.13572
3.14416
3.14168
3.14096
3.14232
3.13396
3.13532
3.13912
3.13980
3.15072
3.14956
3.13760
3.13652
3.14440
3.14372
3.14516
3.14468
3.13428
3.15644
3.14776
3.14476
3.14148
3.13912
3.13668
3.13756
3.14616
3.14984
3.13716
3.13668
3.13592
3.14056
3.14244
3.14524
3.15136
3.14568
3.14292
3.14340
3.14436
3.13740
3.14304
3.14608
3.14312
3.13284
3.13472
3.14400
3.14652
3.14656
3.13596
3.14660
3.14016
3.13752
3.14436
3.13088
3.13556
3.14404
3.13784
3.14004
3.14388
3.14092
3.12856
3.14916
3.13580
3.14436
3.13628
3.14636
3.14220
3.14720
3.13792
3.15516
3.13564
3.14468
3.13988
3.14032
3.13432
3.14116
3.14584
3.13532
3.13568
3.14536
3.13812
3.14956
3.14824
3.14040
3.14580
3.14356
3.13676
3.13840
3.14496
3.14020
3.13788
3.14068
3.13912
3.14340
3.14360
3.14264
3.13904
3.14064
3.14052
3.14080
3.14700
3.13348
3.13828
3.14172
3.12896
3.14304
3.13724
3.15388
3.14588
3.14364
3.13700
3.13812
3.14116
3.13724
3.14372
3.14272
3.14572
3.14496
3.14072
3.14288
3.14004
3.13864
3.13696
3.13972
3.13532
3.14200
3.14784
3.14116
3.13252
3.14752
3.12864
3.13320
3.14308
3.14116
3.14840
3.14512
3.15048
3.14068
3.14172
3.13440
3.14752
3.13864
3.13592
3.14744
3.14384
3.14060
3.14280
3.13620
3.14184
3.14712
3.15512
3.14404
3.14116
3.15116
3.13952
3.14488
3.14388
3.14144
3.14676
3.15220
3.14256
3.12852
3.14180
3.14684
3.15088
3.14504
3.13848
3.13916
3.14596
3.13800
3.14300
3.13544
3.14228
3.14448
3.14440
3.14688
3.13804
3.13548
3.14260
3.14956
3.15104
3.14072
3.14696
3.14032
3.14380
3.14408
3.13300
3.14296
3.13652
3.14652
3.14192
3.15072
3.13964
3.14464
3.14468
3.13256
3.13380
3.13180
3.13592
3.14120
3.13944
3.13320
3.14116
3.14724
3.13216
3.14164
3.13788
3.13736
3.13964
3.14568
3.14032
3.14156
3.14360
3.14280
3.14460
3.13680
3.13520
3.14328
3.14204
3.14488
3.14324
3.13704
3.14152
3.13652
3.13288
3.14572
3.14708
3.14444
3.13820
3.14548
3.13976
3.13064
3.13528
3.14400
3.14100
3.14192
3.13356
3.14212
3.14740
3.13664
3.14280
3.14228
3.13828
3.14380
3.14564
3.13540
3.14636
3.13036
3.14300
3.13992
3.14176
3.14824
3.14348
3.13944
3.14112
3.14632
3.14352
3.13988
3.14520
3.13968
3.14812
3.14228
3.14184
3.13760
3.13828
3.13560
3.14100
3.13572
3.13412
3.14528
3.13324
3.13904
3.14224
3.13644
3.14096
3.14916
3.14700
3.13044
3.13912
3.15080
3.14472
3.14500
3.15060
3.13708
3.13632
3.14516
3.14492
3.14908
3.13316
3.14316
3.14732
3.14068
3.14628
3.13736
3.14368
3.14372
3.13432
3.14392
3.13376
3.14028
3.12680
3.14080
3.14308
3.12960
3.14044
3.13676
3.13096
3.14112
3.14488
3.14344
3.15052
3.13672
3.13612
3.14084
3.14420
3.14572
3.13772
3.14144
3.14688
3.14924
3.14664
3.14836
3.14544
3.14852
3.14564
3.13720
3.14272
3.14448
3.14560
3.14664
3.14036
3.14364
3.14028
3.14348
3.14768
3.14912
3.14104
3.14132
3.15180
3.14420
3.14656
3.13796
3.14008
3.13532
3.14628
3.13452
3.13180
3.14492
3.13396
3.14428
3.14248
3.14580
3.15228
3.14408
3.13860
3.14424
3.14304
3.13816
3.14496
3.14604
3.14064
3.13808
3.14004
3.13512
3.14276
3.13732
3.13964
3.13876
3.14512
3.14816
3.14120
3.13572
3.14936
3.13700
3.14112
3.14984
3.13912
3.14448
3.14532
3.14512
3.13984
3.13944
3.14092
3.14476
3.13944
3.15008
3.14176
3.14820
3.14320
3.14956
3.13960
3.14232
3.13916
3.14088
3.13732
3.15144
3.14628
3.13820
3.14904
3.13932
3.14352
3.14576
3.14688
3.13968
3.14076
3.13572
3.13712
3.13320
3.14360
3.14156
3.13468
3.13932
3.14056
3.13956
3.14760
3.14548
3.14924
3.13652
3.14128
3.14644
3.14728
3.14768
3.14088
3.13176
3.14544
3.13600
3.14128
3.13696
3.13656
3.13784
3.13864
3.14400
3.15268
3.14428
3.14376
3.13788
3.13296
3.13676
3.13944
3.14156
3.13976
3.14452
3.14148
3.14316
3.14040
3.13864
3.14892
3.13984
3.14076
3.13132
3.14640
3.14304
3.14752
3.13704
3.13820
3.13496
3.14224
3.13716
3.14680
3.13320
3.13256
3.13776
3.14752
3.13836
3.13360
3.13156
3.13744
3.14484
3.13516
3.14028
3.13560
3.14716
3.14396
3.14036
3.13008
3.14504
3.14508
3.14048
3.14840
3.14628
3.14632
3.14540
3.13968
3.14096
3.13888
3.14208
3.14512
3.14580
3.14716
3.14236
3.13880
3.13564
3.14512
3.13348
3.13368
3.13484
3.14036
3.14804
3.13136
3.14580
3.14468
3.13776
3.14516
3.14940
3.15352
3.13696
3.14468
3.15088
3.14392
3.13680
3.13676
3.14356
3.14460
3.14820
3.13064
3.14588
3.14236
3.15048
3.13728
3.14108
3.14092
3.14232
3.14196
3.13952
3.14036
3.13228
3.15464
3.15048
3.14260
3.14116
3.13924
3.14040
3.14732
3.14612
3.13376
3.13276
3.14560
3.14248
3.13968
3.14192
3.14760
3.15000
3.14220
3.14292
3.13916
3.14308
3.14784
3.14876
3.13484
3.13948
3.13952
3.14284
3.13380
3.14332
3.14908
3.14592
3.14256
3.15076
3.15628
3.13756
3.13900
3.15044
3.13612
3.12992
3.14588
3.13900
3.14028
3.14436
3.14512
3.14180
3.14216
3.13968
3.14488
3.14284
3.14548
3.13748
3.14516
3.13924
3.13828
3.14732
3.14308
3.13508
3.14084
3.14940
